None
782978
539841
376516
404769
None
311161
1881139
1039864
None
None
6792456
1299318
1373269
1474760
916234
916234
799999
None
1275410
1567825
2502050
465425
255538
3946117
None
None
4514313
1671197
1671197
2801270
None
1312735
484328
None
603648
None
1263502
398678
None
7449348
None
1600256
1179760
508850
2968326
1492978
None
2500304
None
988231
None
None
1092985
7686920
None
6499480
1524104
608854
2694211
3409086
None
1542815
None
1184624
782685
242634
850761
1388475
254386
None
None
1440562
4604760
None
871550
562527
1175691
1417322
None
866143
1143332
48082
2504908
504436
109640
717520
664732
None
1061680
1061680
1579941
1081910
1238752
None
352601
2397616
757473
None
931240
3067491
1174415
1268796
1209395
1271434
1247237
1364028
480101
None
959367
None
3920912
850379
1270735
714277
842427
1228878
579191
None
1868622
1993898
1898771
None
901983
1150474
976656
761098
1862133
1700183
1455650
None
3972399
776930
881875
2764164
None
None
593968
None
176340
1836265
2958759
672074
627262
289592
1842644
1791886
2209199
592197
644887
805086
1550277
892422
None
935974
None
None
None
None
462782
553259
430002
342657
2481331
2481331
4145006
7507140
575465
2049178
None
1152667
1308242
608076
728709
2016654
None
None
None
3690977
1322053
2660379
2660379
2104660
124917
None
1291940
3297746
None
None
