None
236253
281983
1575893
809172
1136357
4505406
456681
559542
835392
436573
512645
686115
569622
663725
742458
None
939309
320098
None
792017
283363
1409226
1165989
291824
None
None
1734763
495457
3129928
991213
1408412
None
136439
459263
1755371
None
None
1643254
3583267
None
1681073
None
1005290
1915100
6499480
1602388
None
1634338
1284065
572712
836875
561027
558874
None
3409086
None
None
253446
698035
14639984
1480325
None
1042329
2729208
None
1032991
1539957
730786
1279356
1032623
None
302226
None
391479
2408095
1288982
1288982
3106837
3386094
1534530
1058803
None
1071186
1507775
2576396
297852
771687
None
639400
1299600
1904827
3920912
412560
506165
506165
1394960
None
2420880
3668448
2958616
622873
None
459439
434235
1100329
3805755
445827
2035816
749236
919163
606074
1177976
300678
None
None
1035411
None
555101
222518
610574
582155
None
None
728247
445354
10213721
638996
2137314
612766
1779662
524608
1370125
1565757
1300734
1659199
1375745
4192137
472817
811538
922038
434411
1637465
None
None
2720352
2783832
474856
261426
None
428712
779444
None
1773438
461481
423890
846989
811865
814296
None
3897068
327829
1373513
None
None
894560
1142202
None
290734
686978
2428682
627051
