None
None
1575893
3530530
779726
500292
509297
797114
632033
430375
None
None
None
None
659889
None
2058420
803534
1384152
713822
1148114
795592
396027
750215
None
3986865
3813036
6580340
489510
None
None
430720
854804
1460698
1442736
None
664823
2022484
None
None
3129928
520618
2152615
None
None
1555148
929351
2617119
547925
None
965183
None
1629913
None
6084046
669913
431946
None
2620335
339425
1634338
1284065
2530906
558874
740389
None
1445360
682633
573749
493303
1899795
1851392
1967346
5556597
None
253446
282142
1915455
920887
None
1654900
4113966
1058676
730786
1261603
378063
None
2180392
1101917
None
None
None
383179
309372
None
None
1794517
2388586
172309
None
673070
1299600
1189194
None
None
None
714277
1228878
None
1317647
762264
1364809
2958616
2035984
427067
768935
1556359
880475
300678
145597
2518452
1214477
2365875
229226
788398
5693626
1035317
1592487
5803108
418194
None
582155
2933406
835919
593968
1299545
None
385314
2568703
464392
136344
969825
524239
2488033
2554015
2083244
12257151
1428673
1631614
4485016
2016654
None
None
1439313
701153
5502060
1154708
1252645
9343834
3917335
894560
493355
None
None
732376
None
2243333
