None
660634
369465
791460
None
None
744003
2058420
639506
2736449
601167
164176
262172
2481295
None
346109
1057595
1671197
1671197
436547
None
None
None
2764998
854804
1094788
None
444293
3540613
None
6890430
1126276
1263502
153968
None
None
1179760
508850
1193731
834687
1544900
525087
383285
2500304
1083532
1092985
None
1074036
2240297
1980113
None
1445360
2620715
4697227
443276
2926034
3066712
1701785
1851392
1184624
None
1692504
782685
658040
807270
8267737
773842
None
2159499
1736860
811407
1229480
1578304
None
504436
None
625164
None
1061680
629247
None
5352668
1211960
557419
1101917
None
4385162
1210168
2128463
859381
1342662
None
1301512
1466346
1268796
None
1209395
1659199
None
None
959367
1901755
None
585096
3828482
1881696
361690
None
None
1005893
None
2035984
861879
None
None
251697
1064871
1184287
None
None
1534948
1700183
1455650
1035411
1400387
1126824
1703672
3972399
2317635
1167562
None
2414747
None
448522
2018345
5803234
1836265
10213721
None
847156
1465845
787095
478787
910442
2488033
1550277
603696
1542036
647253
2083244
None
1662741
1786387
7507140
None
None
664488
None
779444
672425
1607161
2919339
2144376
None
1090974
255963
2512707
1439313
5502060
None
573808
3470673
792819
961483
1010886
None
None
None
1752654
