None
1538030
None
797114
632033
1270200
2380239
2380239
420740
642781
None
1100307
3808207
2464844
2464844
4301328
1225323
5417700
1357461
1115838
1115838
788864
1690828
1308430
2079295
None
623525
716634
716634
1161485
848232
1146343
1146343
947562
1047319
953229
3067554
None
745777
5094856
5094856
1321703
2846382
None
1184624
1192418
558928
3639450
3748383
3748383
1544155
None
1060231
1076127
1573946
973536
2504908
459901
382956
382956
3195832
1181544
1181544
None
None
1791304
1791304
1113711
1113711
991169
991169
2136570
1628021
685321
713405
859381
2409302
2409302
2409302
2392964
741918
992184
992184
1580940
1470537
980731
2527744
2527744
685838
685838
3920912
None
611978
1213788
None
1228878
1317647
None
1205339
1205339
2880717
None
2486633
2486633
None
2303411
632996
632996
None
None
815861
2518452
2518452
1214477
2992980
1284266
1581739
630722
1099918
2933406
2933406
343531
1577185
755613
1738515
1738515
734604
4887756
4887756
2177630
2177630
1842644
3591184
1465845
1465845
969825
1165685
1165685
695297
784244
784244
948532
948532
948532
837344
1924952
None
2029142
2029142
2334874
1405704
None
3309122
1616902
5502060
5502060
5502060
2957146
2957146
2415708
1082237
1545999
1545999
