None
1575893
456681
1163592
1148114
789520
1100307
2464844
5762833
3561060
3946117
3946117
2101277
2101277
5417700
5417700
None
None
1690828
991093
1114628
1623833
3722521
None
None
2026764
2022111
1161485
1161485
1886057
None
1538205
459263
1576853
1643254
1083532
1083532
621558
769048
495214
3067554
2530906
1321703
None
2620715
2520239
3409086
1184624
1192418
1480325
3220329
1915455
1117703
None
920887
None
None
871550
1060231
1076127
2469103
3631258
1335580
1335580
2504908
480650
None
1575096
1065095
1065095
5761314
713405
653708
859381
1342662
2392964
2392964
1048181
1048181
1174415
959367
1901755
None
611978
1394960
3241332
3241332
758543
1228878
1317647
762264
2880717
1815759
434235
749236
1287317
3596120
3596120
1064871
1177976
761380
2518452
1035411
788398
5693626
1035317
493958
493958
1284266
1581739
4428749
4428749
630722
3173325
791301
1167562
373555
2933406
970147
1299545
2815531
1880577
678159
None
471699
1738515
1738515
686518
4887756
1842644
2176092
1300734
1236674
1236674
969825
524239
474894
665833
2928287
2928287
2866427
2134241
4145006
7507140
1183040
3793789
1688722
1688722
2334874
None
3690977
3309122
1616902
1154708
3917335
1545999
1545999
1033751
None
None
None
2243333
