None
782978
None
236253
660634
369465
539841
281983
1575893
1575893
3530530
376516
779726
500292
509297
791460
797114
632033
430375
None
None
None
None
404769
None
None
809172
744003
None
659889
None
1136357
2058420
2058420
4505406
311161
803534
1881139
1039864
None
456681
559542
None
835392
639506
6792456
2736449
601167
164176
262172
436573
1384152
2481295
713822
512645
1299318
1148114
795592
686115
569622
396027
1373269
1474760
916234
916234
799999
None
None
1275410
750215
None
1567825
663725
3986865
346109
742458
2502050
465425
None
255538
3946117
939309
320098
None
None
4514313
1057595
3813036
6580340
1671197
1671197
1671197
1671197
489510
None
None
430720
436547
None
None
None
2764998
854804
854804
1094788
2801270
None
None
None
792017
444293
1312735
283363
484328
1409226
1460698
3540613
None
6890430
1165989
1126276
291824
None
603648
None
1263502
1263502
153968
398678
None
1442736
None
None
None
7449348
None
None
None
1600256
1179760
508850
1179760
508850
664823
2022484
2968326
1734763
None
None
495457
3129928
3129928
1193731
520618
1492978
991213
2152615
834687
1544900
525087
383285
1408412
None
136439
None
459263
None
2500304
2500304
1755371
None
None
None
1643254
1083532
3583267
1555148
None
929351
2617119
1681073
None
547925
None
None
988231
965183
None
None
1092985
1092985
1005290
None
1915100
1629913
None
7686920
None
None
6499480
6499480
6084046
1074036
1602388
1524104
669913
431946
None
2620335
None
339425
1634338
1634338
1284065
1284065
572712
836875
608854
2530906
2240297
1980113
561027
558874
558874
740389
None
None
None
2694211
1445360
1445360
2620715
4697227
443276
2926034
682633
3409086
3409086
3066712
None
None
1542815
None
573749
493303
1701785
1899795
1851392
1851392
1967346
1184624
1184624
5556597
None
253446
None
253446
698035
282142
14639984
None
1480325
1692504
782685
782685
658040
242634
807270
850761
1388475
None
8267737
1915455
254386
1042329
None
None
1440562
4604760
2729208
773842
None
None
None
920887
None
1654900
2159499
871550
1032991
562527
1736860
1539957
811407
4113966
1058676
730786
730786
1279356
1175691
1417322
None
866143
1032623
None
1229480
1143332
1578304
None
48082
302226
2504908
504436
504436
109640
717520
664732
None
625164
None
1261603
None
391479
2408095
1288982
1288982
378063
None
3106837
1061680
1061680
1061680
629247
None
3386094
1534530
None
5352668
2180392
1579941
1211960
1058803
1081910
557419
1101917
1101917
1238752
None
None
None
None
None
None
352601
4385162
1210168
2128463
2397616
1071186
859381
383179
309372
1342662
757473
None
None
None
1301512
1507775
2576396
None
297852
931240
771687
3067491
None
1466346
1174415
1268796
1268796
None
1794517
2388586
1209395
1209395
172309
None
1271434
1659199
None
1247237
1364028
480101
None
None
673070
639400
959367
959367
1299600
1299600
1189194
1901755
None
None
1904827
3920912
3920912
None
850379
None
412560
1270735
None
585096
714277
714277
506165
506165
1394960
3828482
842427
1881696
361690
None
None
1228878
1228878
None
1005893
None
2420880
None
3668448
1317647
762264
1364809
2958616
2958616
579191
None
2035984
2035984
861879
622873
1868622
1993898
None
459439
None
427067
1898771
434235
1100329
3805755
445827
2035816
749236
768935
None
919163
901983
1150474
1556359
976656
None
251697
606074
1064871
1177976
1184287
880475
300678
300678
761098
None
None
None
145597
1534948
1862133
2518452
None
1700183
1700183
1455650
1455650
1035411
1035411
1400387
1214477
None
None
1126824
2365875
1703672
3972399
3972399
229226
776930
788398
5693626
1035317
881875
1592487
5803108
2764164
555101
222518
418194
610574
2317635
None
1167562
None
None
582155
582155
2933406
2414747
None
835919
448522
None
None
593968
593968
2018345
1299545
None
176340
5803234
1836265
1836265
None
2958759
None
385314
728247
2568703
445354
464392
10213721
672074
10213721
638996
2137314
627262
136344
612766
289592
1779662
524608
1370125
None
1842644
847156
1791886
2209199
592197
1465845
1565757
787095
1300734
1659199
478787
1375745
4192137
910442
969825
524239
472817
2488033
2488033
644887
805086
1550277
1550277
892422
603696
811538
1542036
2554015
922038
None
434411
647253
1637465
935974
None
2083244
2083244
None
None
12257151
None
None
None
1662741
None
462782
2720352
2783832
474856
553259
1428673
1786387
430002
342657
1631614
2481331
2481331
4145006
7507140
7507140
261426
None
428712
None
575465
2049178
None
None
664488
None
1152667
779444
779444
672425
1308242
1607161
None
1773438
608076
4485016
2919339
461481
423890
728709
846989
2144376
2016654
None
2016654
None
None
None
1090974
255963
None
None
2512707
3690977
1322053
811865
1439313
1439313
701153
2660379
2660379
5502060
5502060
814296
2104660
1154708
None
1252645
None
3897068
9343834
124917
None
573808
1291940
3470673
3917335
327829
792819
3297746
1373513
None
None
894560
894560
1142202
961483
1010886
None
None
493355
None
None
None
None
None
732376
None
None
290734
2243333
1752654
686978
2428682
627051
