782978
1538030
None
236253
660634
369465
None
539841
281983
1575893
1575893
1575893
3530530
376516
779726
500292
509297
791460
797114
632033
797114
632033
1270200
430375
2380239
2380239
None
None
None
None
404769
None
None
809172
744003
None
420740
659889
None
1136357
2058420
2058420
4505406
311161
803534
1881139
1039864
None
456681
456681
559542
None
835392
639506
6792456
2736449
601167
164176
262172
1163592
436573
642781
1384152
None
2481295
713822
512645
1299318
1148114
789520
1148114
789520
1100307
1100307
686115
569622
3808207
396027
1373269
1474760
916234
916234
799999
2464844
2464844
2464844
None
None
1275410
750215
None
1567825
5762833
663725
3986865
346109
742458
2502050
3561060
465425
4301328
None
255538
3946117
3946117
3946117
939309
320098
None
None
2101277
2101277
1225323
4514313
1057595
3813036
6580340
5417700
5417700
5417700
1671197
1671197
1671197
1671197
1357461
489510
None
None
430720
1115838
1115838
436547
788864
None
None
None
None
None
2764998
854804
854804
1094788
2801270
None
None
None
792017
1690828
1690828
444293
1312735
283363
484328
1409226
1460698
3540613
None
6890430
1165989
991093
1126276
1308430
291824
1114628
None
603648
None
2079295
1263502
1263502
1623833
153968
3722521
398678
None
1442736
None
None
None
None
7449348
None
None
None
1600256
623525
1179760
508850
1179760
508850
664823
2022484
716634
716634
2968326
1734763
None
None
None
None
2026764
495457
3129928
3129928
1193731
2022111
520618
1492978
991213
2152615
1161485
1161485
1161485
834687
1544900
525087
383285
1408412
1886057
None
136439
None
None
1538205
459263
459263
None
848232
1576853
2500304
2500304
1755371
None
None
None
1643254
1643254
1083532
1083532
1083532
3583267
1555148
None
929351
2617119
1681073
None
621558
547925
None
1146343
1146343
None
None
947562
965183
None
None
1092985
1092985
1005290
None
1915100
1629913
None
7686920
1047319
None
None
769048
6499480
6499480
6084046
1074036
1602388
1524104
669913
495214
953229
431946
None
2620335
None
3067554
3067554
339425
None
745777
1634338
1634338
5094856
5094856
1284065
1284065
572712
836875
608854
2530906
2530906
2240297
1980113
561027
1321703
1321703
558874
558874
740389
None
None
None
None
2694211
1445360
1445360
2620715
2620715
4697227
443276
2926034
2846382
682633
2520239
3409086
3409086
3409086
None
None
None
None
1542815
None
573749
493303
1701785
1899795
1851392
1851392
1967346
1184624
1184624
1184624
1184624
5556597
None
253446
None
253446
698035
282142
14639984
None
1192418
1192418
558928
1480325
1480325
1692504
782685
782685
3639450
658040
3748383
3748383
242634
807270
850761
1388475
None
3220329
8267737
1915455
1915455
1544155
254386
1042329
None
None
1440562
4604760
1117703
None
None
2729208
773842
None
None
None
920887
920887
None
1654900
2159499
None
None
871550
871550
1032991
562527
1736860
1539957
1060231
1076127
811407
1060231
1076127
2469103
4113966
1058676
730786
730786
1279356
1175691
1573946
1417322
None
3631258
973536
866143
1032623
None
1229480
1143332
1578304
None
1335580
1335580
48082
302226
2504908
2504908
2504908
504436
504436
459901
109640
717520
664732
382956
382956
None
None
None
1261603
None
391479
2408095
3195832
1181544
1288982
1181544
1288982
378063
None
3106837
480650
1061680
1061680
1061680
629247
None
None
None
None
3386094
1534530
None
5352668
2180392
1579941
1211960
1575096
1058803
1081910
557419
1101917
1101917
1238752
None
None
None
None
None
None
352601
1065095
1065095
1791304
1791304
5761314
1113711
1113711
991169
991169
2136570
1628021
4385162
1210168
2128463
2397616
1071186
713405
713405
685321
653708
859381
859381
859381
383179
309372
1342662
1342662
2409302
2409302
2409302
2392964
2392964
2392964
757473
None
None
None
1048181
1048181
1301512
1507775
2576396
None
297852
741918
931240
771687
3067491
None
1466346
1174415
1174415
1268796
1268796
None
1794517
2388586
1209395
1209395
172309
None
1271434
1659199
None
1247237
1364028
480101
992184
992184
1580940
None
None
673070
639400
1470537
980731
2527744
2527744
959367
959367
959367
1299600
1299600
685838
685838
1189194
1901755
1901755
None
None
1904827
3920912
3920912
3920912
None
None
850379
None
611978
611978
1213788
None
412560
1270735
None
585096
714277
714277
506165
506165
1394960
1394960
3828482
842427
None
3241332
3241332
1881696
361690
None
758543
None
1228878
1228878
1228878
1228878
None
1005893
None
2420880
None
3668448
1317647
1317647
1317647
762264
762264
None
1364809
2958616
2958616
1205339
1205339
2880717
2880717
579191
None
None
2035984
2035984
861879
622873
1868622
1993898
None
459439
2486633
2486633
None
None
2303411
427067
1898771
1815759
434235
434235
632996
632996
1100329
3805755
None
None
445827
2035816
749236
749236
768935
1287317
None
919163
901983
1150474
1556359
976656
3596120
3596120
None
251697
606074
1064871
1064871
1177976
1177976
761380
1184287
880475
300678
300678
761098
None
None
None
145597
815861
1534948
1862133
2518452
2518452
2518452
2518452
None
1700183
1700183
1455650
1455650
1035411
1035411
1035411
1400387
1214477
1214477
None
None
1126824
2365875
1703672
3972399
3972399
229226
776930
788398
788398
5693626
1035317
5693626
1035317
2992980
881875
1592487
5803108
2764164
493958
493958
555101
1284266
1581739
1284266
1581739
4428749
4428749
222518
418194
630722
630722
610574
3173325
2317635
1099918
None
791301
1167562
1167562
None
None
373555
582155
582155
2933406
2933406
2933406
2933406
2414747
None
835919
448522
None
None
593968
593968
970147
2018345
1299545
1299545
None
176340
2815531
5803234
1836265
1836265
1880577
None
2958759
None
385314
678159
728247
2568703
445354
464392
343531
None
10213721
672074
10213721
638996
2137314
627262
471699
136344
612766
289592
1577185
1779662
524608
755613
1738515
1738515
1738515
1738515
686518
734604
1370125
4887756
4887756
4887756
None
2177630
2177630
1842644
1842644
1842644
3591184
847156
1791886
2209199
592197
1465845
1465845
1465845
1565757
2176092
787095
1300734
1300734
1659199
478787
1375745
4192137
1236674
1236674
910442
969825
969825
969825
1165685
1165685
524239
524239
474894
695297
472817
2488033
2488033
644887
805086
1550277
1550277
665833
892422
603696
811538
1542036
2554015
922038
None
434411
2928287
2928287
647253
784244
784244
1637465
935974
None
948532
948532
948532
2083244
2083244
None
None
12257151
None
2866427
None
None
837344
1662741
2134241
None
462782
2720352
2783832
474856
553259
1428673
1786387
1924952
430002
342657
1631614
2481331
2481331
4145006
4145006
7507140
7507140
7507140
261426
None
1183040
None
428712
3793789
None
1688722
1688722
2029142
2029142
575465
2334874
2334874
2049178
None
None
664488
None
1152667
779444
779444
672425
1405704
None
1308242
1607161
None
1773438
608076
4485016
2919339
461481
423890
728709
846989
2144376
2016654
None
2016654
None
None
None
None
1090974
255963
None
None
2512707
3690977
3690977
1322053
811865
3309122
3309122
1439313
1439313
701153
2660379
2660379
1616902
1616902
5502060
5502060
5502060
5502060
5502060
814296
2104660
2957146
2957146
1154708
1154708
None
1252645
None
3897068
9343834
124917
None
573808
1291940
2415708
1082237
3917335
3470673
3917335
327829
792819
1545999
1545999
1545999
1545999
3297746
1373513
None
None
1033751
None
894560
894560
1142202
961483
1010886
None
None
493355
887817
None
None
None
None
None
None
732376
None
None
290734
2243333
2243333
1752654
686978
2428682
627051
